sw_volume: 100
audio_device_state:1:PipeWire Sound Server
audio_device_state:1:my_fifo
state: pause
current: 0
time: 165.350000
random: 0
repeat: 1
single: 0
consume: 0
crossfade: 0
mixrampdb: 0.000000
mixrampdelay: -1.000000
playlist_begin
0:ASMR/RJ01086189/mp3/01.mp3
1:ASMR/RJ01086189/mp3/03.mp3
2:ASMR/RJ01086189/mp3/06.mp3
3:ASMR/RJ01086189/mp3/07.mp3
4:ASMR/RJ01086189/mp3/08.mp3
playlist_end
